                0.000000,    0.000000,  121920
                0.514203,   -0.345108,  121783
                1.028472,   -0.690186,  121646
                1.542850,   -1.035217,  121509
                2.057382,   -1.380135,  121373
                2.572111,   -1.724922,  121236
                3.087080,   -2.069527,  121099
                3.602332,   -2.413925,  120962
                4.117913,   -2.758072,  120825
                4.633864,   -3.101921,  120689
                5.150230,   -3.445450,  120552
                5.667054,   -3.788612,  120415
                6.184379,   -4.131378,  120278
                6.702248,   -4.473701,  120142
                7.220705,   -4.815536,  120005
                7.739792,   -5.156868,  119869
                8.259553,   -5.497635,  119732
                8.780031,   -5.837807,  119595
                9.301269,   -6.177353,  119459
                9.823309,   -6.516212,  119322
               10.346192,   -6.854370,  119186
               10.869964,   -7.191780,  119049
               11.394666,   -7.528404,  118913
               11.920338,   -7.864197,  118776
               12.447024,   -8.199112,  118640
               12.974766,   -8.533127,  118504
               13.503605,   -8.866196,  118367
               14.033583,   -9.198280,  118231
               14.564738,   -9.529335,  118094
               15.097118,   -9.859314,  117958
               15.630755,  -10.188194,  117821
               16.165697,  -10.515923,  117684
               16.701977,  -10.842461,  117548
               17.239641,  -11.167763,  117411
               17.778727,  -11.491798,  117274
               18.319275,  -11.814514,  117137
               18.861320,  -12.135880,  117000
               19.404903,  -12.455841,  116862
               19.950066,  -12.774376,  116725
               20.496838,  -13.091423,  116587
               21.045263,  -13.406944,  116450
               21.595379,  -13.720894,  116312
               22.147219,  -14.033241,  116173
               22.700821,  -14.343925,  116035
               23.256218,  -14.652924,  115896
               23.813446,  -14.960182,  115757
               24.372540,  -15.265648,  115618
               24.933533,  -15.569290,  115478
               25.496460,  -15.871063,  115338
               26.061354,  -16.170914,  115198
               26.628244,  -16.468803,  115057
               27.197165,  -16.764694,  114916
               27.768141,  -17.058533,  114774
               28.341209,  -17.350266,  114632
               28.916395,  -17.639870,  114490
               29.493729,  -17.927277,  114347
               30.073235,  -18.212448,  114203
               30.654943,  -18.495354,  114059
               31.238876,  -18.775917,  113914
               31.825060,  -19.054123,  113769
               32.413517,  -19.329903,  113623
               33.004272,  -19.603218,  113476
               33.597347,  -19.874023,  113329
               34.192760,  -20.142273,  113180
               34.790535,  -20.407913,  113031
               35.390686,  -20.670898,  112882
               35.993233,  -20.931190,  112731
               36.598190,  -21.188736,  112580
               37.205570,  -21.443481,  112427
               37.815392,  -21.695381,  112274
               38.427658,  -21.944397,  112120
               39.042393,  -22.190475,  111964
               39.659595,  -22.433578,  111808
               40.279278,  -22.673637,  111651
               40.901447,  -22.910622,  111492
               41.526104,  -23.144485,  111332
               42.153255,  -23.375168,  111172
               42.782902,  -23.602631,  111010
               43.415047,  -23.826836,  110846
               44.049683,  -24.047714,  110682
               44.686810,  -24.265236,  110516
               45.326424,  -24.479347,  110348
               45.968517,  -24.690010,  110180
               46.613079,  -24.897156,  110009
               47.260101,  -25.100777,  109838
               47.909576,  -25.300797,  109664
               48.561485,  -25.497177,  109489
               49.215809,  -25.689880,  109313
               49.872540,  -25.878860,  109135
               50.531651,  -26.064056,  108955
               51.193123,  -26.245453,  108773
               51.856930,  -26.422981,  108589
               52.523048,  -26.596619,  108404
               53.191452,  -26.766304,  108216
               53.862110,  -26.932007,  108027
               54.534992,  -27.093689,  107835
               55.210068,  -27.251305,  107642
               55.887295,  -27.404808,  107446
               56.566639,  -27.554169,  107248
               57.248062,  -27.699348,  107048
               57.931526,  -27.840309,  106846
               58.616982,  -27.977028,  106641
               59.304390,  -28.109436,  106434
               59.993694,  -28.237518,  106224
               60.684849,  -28.361221,  106012
               61.377815,  -28.480545,  105797
               62.072521,  -28.595444,  105579
               62.768925,  -28.705872,  105359
               63.466965,  -28.811813,  105135
               64.166595,  -28.913239,  104909
               64.867737,  -29.010109,  104680
               65.570328,  -29.102409,  104448
               66.274323,  -29.190109,  104212
               66.979645,  -29.273178,  103974
               67.686234,  -29.351585,  103732
               68.394020,  -29.425339,  103486
               69.102928,  -29.494392,  103237
               69.812897,  -29.558723,  102985
               70.523842,  -29.618332,  102728
               71.235710,  -29.673180,  102468
               71.948410,  -29.723274,  102204
               72.661865,  -29.768585,  101936
               73.376007,  -29.809097,  101664
               74.090759,  -29.844810,  101387
               74.806046,  -29.875694,  101106
               75.521774,  -29.901756,  100820
               76.237885,  -29.923004,  100530
               76.954277,  -29.939392,  100234
               77.670876,  -29.950935,   99934
               78.387604,  -29.957642,   99628
               79.104378,  -29.959503,   99317
               79.821121,  -29.956512,   99001
               80.537735,  -29.948669,   98678
               81.254158,  -29.935989,   98349
               81.970291,  -29.918465,   98015
               82.686043,  -29.896118,   97673
               83.401367,  -29.868935,   97325
               84.116150,  -29.836945,   96970
               84.830315,  -29.800125,   96607
               85.543777,  -29.758530,   96237
               86.256470,  -29.712166,   95859
               86.968292,  -29.661026,   95472
               87.679153,  -29.605141,   95077
               88.389008,  -29.544525,   94673
               89.097748,  -29.479202,   94259
               89.805298,  -29.409195,   93835
               90.511566,  -29.334526,   93400
               91.216484,  -29.255226,   92955
               91.919975,  -29.171310,   92498
               92.621933,  -29.082817,   92029
               93.322304,  -28.989777,   91547
               94.021004,  -28.892220,   91051
               94.717934,  -28.790176,   90542
               95.413010,  -28.683678,   90017
               96.106163,  -28.572784,   89476
               96.797310,  -28.457520,   88918
               97.486343,  -28.337921,   88342
               98.173210,  -28.214050,   87747
               98.857811,  -28.085930,   87131
               99.540047,  -27.953636,   86494
              100.219818,  -27.817215,   85834
              100.897034,  -27.676720,   85148
              101.571587,  -27.532188,   84437
              102.243332,  -27.383743,   83697
              102.912140,  -27.231400,   82926
              103.577850,  -27.075287,   82122
              104.240273,  -26.915466,   81282
              104.899178,  -26.752060,   80404
              105.554321,  -26.585167,   79482
              106.205383,  -26.414948,   78514
              106.852028,  -26.241547,   77495
              107.493896,  -26.065117,   76418
              108.130516,  -25.885895,   75278
              108.761337,  -25.704102,   74067
              109.385681,  -25.520012,   72776
              110.002785,  -25.333992,   71397
              110.611664,  -25.146400,   69918
              111.211136,  -24.957756,   68326
              111.799744,  -24.768654,   66608
              112.375687,  -24.579826,   64746
              112.936745,  -24.392181,   62724
              113.480125,  -24.206833,   60523
              114.002342,  -24.025200,   58125
              114.498779,  -23.849129,   55512
              114.963814,  -23.680847,   52675
              115.390785,  -23.523056,   49612
              115.757339,  -23.384476,   46480
              116.013412,  -23.285378,   43885
              116.196457,  -23.212883,   41724
              116.333305,  -23.157402,   39863
              116.438858,  -23.113503,   38220
              116.522087,  -23.077858,   36737
              116.588745,  -23.048355,   35376
              116.642677,  -23.023537,   34105
              116.686523,  -23.002388,   32902
              116.722176,  -22.984161,   31746
              116.751152,  -22.968216,   30613
              116.774353,  -22.954140,   29484
              116.792381,  -22.941628,   28341
              116.805519,  -22.930473,   27165
              116.813850,  -22.920494,   25932
              116.817200,  -22.911568,   24611
              116.814934,  -22.903603,   23162
              116.805817,  -22.896584,   21523
              116.787285,  -22.890526,   19596
              116.758850,  -22.885696,   17328
              116.725471,  -22.882645,   15139
              116.688484,  -22.880898,   13166
              116.649185,  -22.879974,   11444
              116.608627,  -22.879517,    9942
              116.567390,  -22.879303,    8600
              116.525856,  -22.879189,    7374
              116.484184,  -22.879128,    6238
              116.442459,  -22.879097,    5177
              116.400711,  -22.879066,    4178
              116.358932,  -22.879051,    3233
              116.317169,  -22.879028,    2334
              116.275406,  -22.879005,    1477
              116.233635,  -22.878990,     655
              116.200867,  -22.878983,      35
